Qvector_A	Intensity	Uncertainty
0.0001259537473091389	2618984.315927829	123256.7526905208
0.0001343866042175426	2559571.920311753	365547.0232627353
0.0001386210159256186	2571827.143014568	726316.287239443
0.0001428660776484842	2465891.922377481	916052.4363599486
0.0001471217015781405	2389756.421516707	715874.1365913042
0.0001513878034686646	2255275.645201284	361522.2140421402
0.0001556643024006287	2146317.816954342	162952.5204980376
0.0001599511205692766	2102310.66737864	119834.4650231087
0.0001642481830895265	2047953.176624086	115833.178034854
0.0001685554178181313	1994022.330724803	111960.4111477008
0.0001728727551920062	1863315.091580586	107464.4222316179
0.0001772001280787638	1793806.123905379	101378.6485952409
0.0001815374716384674	1741373.941683424	94098.39957347422
0.0001880632726654057	1712270.024408909	88559.7884644289
0.0001946087097631523	1661218.678718232	86482.2013365383
0.0001989853292466205	1522335.49430204	84956.50747148696
0.0002033716254908923	1463325.893910625	80433.11183090233
0.0002077675450651652	1358660.795922871	73532.95813795979
0.0002143805422147363	1336041.61218329	68189.40286343315
0.0002210125327262945	1198350.103647604	66565.42355856387
0.0002254464418313752	1162530.674276077	65866.15469488685
0.000229889729394222	1189246.410069016	63034.03592593005
0.0002365733058033357	1106400.002934873	59950.34149177988
0.0002432754189652534	1048857.380637422	59216.72615253729
0.0002477557822763376	1014631.067147897	58847.79371018883
0.0002522453106179367	988607.407807779	56072.1681263682
0.0002589978349835306	942089.9114054941	52055.21736962034
0.0002657684958669784	915280.4206694475	49429.52043932815
0.0002725616891625867	865816.4213120608	49069.93153702604
0.0002793728014228473	831155.875686709	49813.59200448004
0.0002839254313949021	830103.9139767541	49374.63844563042
0.0002907721087869256	797377.0398517651	47079.29340880795
0.0002976364376471048	764428.7722745979	44628.58752256202
0.0003045227130711919	724137.3358050085	43205.45351263649
0.0003114264543379249	705306.9047267879	42421.89414580872
0.0003183519174600331	676188.510735019	41657.18625764064
0.0003252946722466844	661525.0768443728	40634.30672417071
0.0003322589377905334	636011.7568913621	39414.69315302435
0.0003392403311840342	614160.9776361805	38359.93355888822
0.0003462430365823999	587883.132059317	37621.38445256703
0.0003532627154354274	573905.3121977441	36840.3330817225
0.0003603035187820141	537339.9718740518	35578.97308393626
0.0003673611497796846	532279.9905221335	33698.41482887688
0.0003744397280315906	493006.7689603817	31495.58417242527
0.000383905630107872	469258.9742743062	28814.82836634039
0.0003910258225512815	454644.5310922924	24197.51734979518
0.0004196961014913244	438315.1619913218	17576.38862281004
0.0004245031161926769	427349.6615558313	11957.0515121044
0.0004293182609367064	418879.3397814707	9402.402450973814
0.0004341415171673618	407191.2779766996	8808.963062853065
0.0004389728666248814	402162.6506346221	8604.896720359431
0.0004438122913385346	395919.2449659837	8218.356277946737
0.0004486597736187032	385218.56171064	7488.260871469322
0.0004559470687718111	372299.2241569842	6562.079938378251
0.0004656901635887718	359634.9309222353	5848.787089177857
0.0004754651838940947	347853.8897132265	5599.398861667597
0.0004852720006148365	331270.4818478732	5684.518619917148
0.0004926469171984147	319466.5837954245	5709.660872084592
0.0005000415709028826	315445.5086992017	5426.016669429871
0.0005099273384055731	302806.5156911633	5000.013442653023
0.0005198444793161538	292952.7774258099	4676.215461046342
0.0005297928803551107	277336.4119914162	4460.702620901623
0.0005397724313552914	265614.7805520311	4279.9010810047
0.0005497830251366923	254880.2407398564	4116.9751002188
0.0005598245573870171	245103.7995417503	3967.443078040073
0.0005698969265480127	234902.0679854076	3818.44203449167
0.0005800000337102162	220438.9519854409	3644.354849901067
0.0005901337825103426	217896.1699104088	3441.668801638994
0.0006028455005484729	206057.3003649784	3279.469318990956
0.0006156016011741633	194093.7057866514	3210.874926124117
0.0006258418714392331	188674.2172299917	3180.823884270261
0.0006361123787795519	180446.4278153165	3116.382015096529
0.0006464130392570305	176151.7090358506	2998.771687857982
0.0006567437709409599	169007.1651806783	2841.648561466873
0.0006697009084558397	160781.8478286899	2697.297519707216
0.0006827016413081612	152626.7204513826	2597.417602266068
0.0006931370043923412	148151.2658875434	2503.970976983548
0.0007062245448776311	139660.3201040284	2407.804053186935
0.0007193553043299156	132759.6129983412	2333.447900192308
0.0007298943952444899	128536.2055206451	2250.201585510424
0.0007431112389236194	122696.3870736424	2133.84622318069
0.0007563709538245217	115441.4850560426	2019.668550792035
0.0007696795298087644	107977.7000161104	1930.676318862068
0.0007830307444860669	104084.40369187	1855.046497178726
0.0007964305615512343	96827.33729938416	1782.349763034496
0.0008098727969064648	92613.75681119093	1711.639874224375
0.0008233633893109873	87300.56839936409	1643.746387836461
0.0008368961908698336	83903.47607238081	1580.283812802267
0.0008504771165633308	77251.10606762121	1518.48886691395
0.0008641000527690059	75350.46272679673	1446.415848989734
0.0008777708917748444	70535.53562912355	1366.642218809903
0.0008942332414830456	66580.30434756546	1301.005466386752
0.0009079995482942115	61061.16152371816	1242.102764924731
0.0009218134259734806	57506.89917128091	1161.45423568562
0.000938447034401615	53345.50862618488	1074.226353275443
0.00095514457528649	48879.72602503699	1021.806415733546
0.0009719058976508805	46948.02392849253	1003.453125306108
0.0009859208120083212	43574.67467191126	975.3096218311078
0.0009999827748687657	40155.19328715432	911.0217733472475
0.001016913474861264	37058.49748175888	831.6422592315282
0.001033907437915402	33671.37857768231	766.4167407283887
0.001050964531599337	30285.08074953656	718.3495983718785
0.001068084627069147	28683.22534374479	676.8818664281011
0.001085267598946091	25900.48500477742	634.5440107220134
0.001102513325200469	22957.14668615989	588.572160463305
0.001119821687039771	21226.79699493713	541.4846013163071
0.001140095807988428	19255.48541127063	501.6469348088616
0.001160450803456962	17546.61175322601	474.4681566780964
0.001177967132093232	15935.30218303384	453.359894391302
0.001195545616468525	14602.46095500804	426.9622215826762
0.001213186153378095	13821.716053429	392.4079042516005
0.001233847077258868	11882.79290683901	357.3912157640873
0.001254588161463955	10581.76869255094	328.6856029492607
0.001272434828094804	9712.370582264319	303.7711121960147
0.001293335826398435	8746.118153364881	279.5790267723934
0.001314316585960608	7948.02157857304	258.6509043548008
0.001335384937890017	7560.029860381396	242.393297742255
0.001356532791118536	6777.300519362109	229.2471756770202
0.001377767959019536	6359.778631901639	218.2543232827785
0.001399082383043795	6108.071660147531	208.7960351162842
0.001420483859782431	5633.283887715505	199.226927175191
0.001441964361316056	5421.167937467508	187.3426740051938
0.001463531668358024	4947.92533110627	173.4157408267775
0.001488279080811044	4628.659690332644	162.1930584147701
0.001513134407355654	4469.27456561507	157.0702686970581
0.001534969254987775	4369.229405292786	154.3978650630111
0.001556890423991348	4277.532607265703	149.4634697111934
0.001582041713563542	4047.46699679109	143.3108138864896
0.001607300349585488	3988.169903331268	138.75102980358
0.0016326661920778	3904.233128107959	135.6804135062623
0.001658139105561196	3585.72345356801	133.2873640152063
0.001683718958911408	3615.565014630913	131.884466929627
0.001709405625223575	3526.628727634309	131.6065898494309
0.00173519898167894	3574.793816889549	132.2351887129762
0.001761098909420221	3450.44842433583	133.2700789388834
0.001787105293429858	3698.457916900558	132.8915976031359
0.001813218022416098	3453.741480875035	130.0637544884931
0.001842724311257972	3209.40094376491	127.190867551136
0.001872359934381692	3362.775124903003	126.1281306160669
0.001898817558886609	3178.245564756985	125.0953628781777
0.001928711458381492	3177.854337787866	123.007658827404
0.001958734309187722	2898.447475236464	120.78367424959
0.001985535807587487	2911.297687347531	118.1333326397297
0.002015816209436168	2778.660228239348	114.2024475821538
0.002046225219425114	2585.920842334838	109.2856846727363
0.002076772611906432	2428.686181101006	104.3473296406495
0.002110867783799617	2323.827005199636	100.1443275832551
0.002141691591288939	2148.940923009553	96.25553948409434
0.00217265344065288	1980.91731747473	92.16797481927711
0.00220720875730781	1884.839360134565	88.47128393901815
0.002238446381372101	1732.40558170834	84.80928246365923
0.002269821746802027	1665.64773205606	79.80423885967372
0.002304836206074854	1465.661877307225	73.81435922343755
0.002340014425582991	1329.287577904692	68.46649641962264
0.002375356298423273	1223.933772574775	64.3473966477253
0.002410861722772086	1149.099035155325	60.96470372246512
0.002446530601733794	1051.569761080208	57.6797389138518
0.002482362843192918	994.0325433531017	53.72047189312039
0.002518358359674173	855.4165502111597	47.86023716612539
0.002558144901827904	850.3966702216437	39.43515120390403
0.00266396506522601	692.206066505479	29.84626826441863
0.002671314182112007	737.2930045988574	21.40535347777106
0.002686034133641044	640.7933291467922	15.17519355713342
0.002715552205791524	628.1547656226752	11.19764521422123
0.002752590898495541	611.0509739369739	9.187554047334233
0.002793524428522984	593.2996550870583	8.390908140486189
0.002834648861227667	569.9731070952507	8.044241771349466
0.002875976060506893	552.757132224565	7.853829095964047
0.002921281406823626	587.9289545678487	7.747811080873046
0.002963013952023014	528.0055454325959	7.618227531142432
0.003004949087142713	539.2485330224566	7.411169955331308
0.003050917460733063	515.8233164306494	7.226328798469297
0.003097119734028981	512.2280536420061	7.142593636792537
0.003143555859745368	550.4779604245579	7.056330797047686
0.003190225796572023	491.8996824345178	6.846217215875635
0.003237129508997605	462.1413467983346	6.554252469962908
0.003284266967140442	448.0805034175063	6.278187397257895
0.003331638146586132	424.8129608846965	6.042087622974705
0.003379243028230772	401.1105960755229	5.83322786707883
0.003427081598132201	396.9734163077358	5.622184646750302
0.003475153847362631	378.1344135948532	5.356413289821242
0.00352749932936551	357.8188558790642	5.014953007700287
0.003580112024563687	326.4172508554341	4.634810665226986
0.003633006004511251	281.6325038842996	4.276483973493403
0.003686167218191757	271.7924434529293	3.976738753059989
0.003739609750679309	252.5241265582958	3.725069199300995
0.003793319560737517	225.6207835981289	3.498441998378974
0.00384731074748529	224.3644788082172	3.308261944983051
0.003905758165526608	203.994674430755	3.184366851861782
0.00396031222684421	203.3804404292597	3.114043944732549
0.004015147797400019	209.2457486760586	3.045419158779997
0.004074504712863551	190.0041454528885	2.955408990201703
0.004134180083102602	200.9286936594321	2.854139740406368
0.004194173986373625	172.4253267566439	2.754772167956359
0.004254486507144579	174.2404167555047	2.67266697786451
0.004315117735920203	172.4463036420744	2.606224376221617
0.004380437612452218	173.1753741826612	2.534719203273764
0.00444611545372487	156.672430669357	2.453959429628537
0.004507748989951107	146.8688097756657	2.377933516060656
0.004574143148853634	153.4094219478517	2.305708248999702
0.004640895673680875	143.1039456430225	2.212913620368103
0.004703532640168017	123.8281845474853	2.08855698009626
0.004771002342425812	124.0723867388302	1.960179075138542
0.004843370173589505	113.2530238061597	1.857030304234022
0.004911590330655897	106.5262742283137	1.77470865769481
0.00498018599122912	102.2410064854625	1.698683311053171
0.005053755440428334	96.75143320432369	1.626298814332658
0.005127743281335613	99.40786063239484	1.554242616658332
0.005202149751532825	81.76344955969684	1.481169979819323
0.005276975095511567	85.61001035215408	1.415868389060418
0.005352219564479495	78.03247569892453	1.362015037867167
0.005427883416173238	73.81178729752217	1.313136136488825
0.005503966914677717	74.76060910770092	1.267536009651907
0.005585270393323468	66.08028385164563	1.23304398125805
0.005667038949107423	71.57547858268582	1.209089742627235
0.005744435613014452	65.25831104553752	1.180828948398763
0.005827135307288197	63.57131212282029	1.142066012050361
0.005910301076322297	60.9095489725644	1.09822462737051
0.005993951929901713	57.67456279123824	1.052541237144074
0.006083037448123526	53.84774140929916	1.009228881915175
0.006167659620391142	50.12505377465733	0.9699452810596381
0.006252768040336802	49.85137667055086	0.9290606291509558
0.006343398117038869	45.04419505888782	0.8852146743706476
0.006434563743494442	44.74039363373145	0.8423320185706895
0.00652626539193839	39.44546708210022	0.8012317338786341
0.006618503541669347	39.04540139396345	0.763668119511959
0.006716453861428891	35.88421059740685	0.73758531420054
0.006814992564375242	35.61504629485907	0.7270136971932188
0.006908902968126709	36.73102865502199	0.7222256166634565
0.00700862014706983	35.54620328981689	0.7101443817626729
0.007108927433443362	32.62312944733752	0.684780504274128
0.007209846523607634	33.60107711755383	0.6467561695210952
0.007311356927556695	24.61939558094159	0.6096655208813174
0.007413480399182691	26.88591849161724	0.5907107361416959
0.007521624818924455	29.61000124026018	0.5828063325548789
0.007630438269929545	27.31452430408133	0.5684342625057461
0.007739921504413527	20.95582448795089	0.55411718190433
0.007850075282275017	26.94752671864304	0.5499463249023326
0.007960900370880214	25.32775682221293	0.541435333096975
0.00807239754485879	21.52084349539701	0.5176699459610129
0.008184567585902833	19.58852983781314	0.4931958184759333
0.008297411282574945	19.1683737586857	0.480405717118954
0.008416628964997399	22.18877355539572	0.4693148047208718
0.008536579340269657	17.83451985516647	0.4467006932910526
0.008657286994537525	17.02908692968993	0.417098292511311
0.008784537000349412	14.44953058091084	0.3944074723512591
0.008906762141362464	14.84921352548781	0.3818599260882953
0.009029747505167853	14.96936490694472	0.3717401805099378
0.009159386790309983	12.80293418570538	0.3594968832766618
0.009289849564141668	13.76211152499708	0.3458155593581132
0.009421136951881038	11.88238788825581	0.3307819753256973
0.00955325008635079	11.52355461819474	0.31627557371449
0.009686190107770195	10.15054775687118	0.3065696038574294
0.009826064790444471	11.8124069180982	0.3016788827157847
0.009966832678115024	9.893541082885607	0.2973215654889081
0.01010852138817564	10.75199788782212	0.2904161121172123
0.01025110592730927	9.394099203805256	0.2791499711436607
0.01039461400587908	9.30241777627695	0.2639313619656352
0.01054532672017551	7.441008781567131	0.2514439018047762
0.01069068605483962	7.487096326215232	0.247116129217522
0.01083697312111552	8.968102398227382	0.2454564599842611
0.01099059004632519	7.441480912476916	0.2411107233046609
0.01114520575865714	6.328249378589661	0.2381504139120267
0.01130733481619675	9.348838221412455	0.2357882855104975
0.01147053662640864	6.598711684878764	0.2250516754017962
0.01162824187417639	6.01500306402896	0.2068468646185436
0.01179359444392784	4.631156992250131	0.1925674270543304
0.01196002503625073	5.80951288945671	0.187912078417037
0.01212756463144777	4.753414170071483	0.189933213761951
0.01230296113840704	5.899620110066341	0.1921191689418224
0.01247272437803922	5.705639362914291	0.1886957307230509
0.01264360227444763	3.932816520326029	0.1823547729143111
0.01282247651824968	4.688475061904625	0.1784848930872334
0.01300254460081322	5.763324746013563	0.1713405235028885
0.01318380861841584	3.104654109608816	0.1551375240940028
0.0133733203899054	3.334010423242234	0.13943797127325
0.01356411051427945	2.531693746399031	0.1362082429464289
0.01375621335225168	3.895578382702424	0.143235488097795
0.01394959923757597	3.924492999576572	0.1497760029776092
0.01414430266430574	3.364484191772692	0.1508998121673508
0.01434758623028914	3.45017569205819	0.1479574083104633
0.01454493211386863	3.657558042540644	0.140422173822696
0.01474360292791742	2.280598202311155	0.1283982260962329
0.01495100850737238	2.511137540110354	0.116921215933122
0.01516731959608633	2.19322163897034	0.1101981745233266
0.01538513177866262	2.051910428407036	0.107480481158277
0.01559688536188414	2.235966399187715	0.1052812163055194
0.01581770859597735	1.959740329718042	0.101113269603556
0.01604004180329585	1.759385672075505	0.09633881261116964
0.01626392317914878	1.558770007195146	0.09373198687540546
0.01648932055490321	1.921152484836531	0.09329710382358417
0.01671627228095721	1.44008985755535	0.09367918641327669
0.01695266114124081	1.844794695242128	0.09379725080654704
0.01719070117848725	1.789606876942204	0.09177455846870627
0.01743039580277268	1.363742633036137	0.08728450267317185
0.01767983165215272	1.407817615161711	0.08273780087358226
0.01793102258374132	1.341657460195125	0.07933428320072919
0.01818401057893902	1.338151914400059	0.0766125224547264
0.01843876115590736	1.147583398702047	0.0750184576883362
0.01869531647437966	1.473151360838893	0.07483417046223342
0.01896201476822268	1.207065040019066	0.07521647270319437
0.01922219125128403	1.341670299286603	0.07518273774893272
0.01948418417169131	1.242805159949902	0.07338803473723202
0.01976505897316846	1.305590194530014	0.06923843281744343
0.02004795856044868	0.7323288626831899	0.06453887188223301
0.02032425324388288	1.149717557566424	0.06090991507994969
0.02061121603748705	0.7518084810597265	0.05821178528321311
0.02090021726628597	0.8254786989118419	0.05697841950501221
0.02119130323582687	0.7890799394939888	0.05727251235734873
0.02148443686890334	1.002720381626063	0.05608360654563283
0.02177966467329156	0.651049817285197	0.05108053598070401
0.02208600134817378	0.5742701922508475	0.04447948796362713
0.02397053643920777	0.4254032692264408	0.03995353106874553
0.02398941083543802	0.4597310508475656	0.03873443675489557
0.02400829298964165	0.4547643670043422	0.03972486059435845
0.02402718290286982	0.5015337954818208	0.03990711896905083
0.02404608057617435	0.6243240517817326	0.03553796413281332
0.02412176442185365	0.5821295477207156	0.02674191987908152
0.02434959291312342	0.8016773937759762	0.01824930671915614
0.0246837491060451	0.6550229529590775	0.01327776963869559
0.02502993195515626	0.5332463581561728	0.0109497584976887
0.02537864698354052	0.4280681669182483	0.009787824054753022
0.02573970578518772	0.43703152200202	0.00949759306638325
0.02610342837050671	0.482955572217146	0.009831018317093461
0.02646986992767869	0.5651252155608811	0.009963518293161094
0.02683898854507545	0.5220537936359192	0.009206548213443059
0.02721083966499551	0.2526425410997197	0.007946536473106424
0.02759555422077704	0.2781866872544099	0.007224588452794308
0.02798313960535839	0.3369906392633227	0.007367127756180748
0.02837360310444681	0.3825296846106548	0.007791851166044033
0.02876695200968504	0.3789747300527299	0.007984504672315018
0.02916319361843334	0.3351777554506202	0.007912436427284113
0.02957289127685854	0.3823288265824519	0.00764549664729549
0.02998562530680449	0.3103104620291237	0.007245930391882698
0.03040145603324411	0.2490587987409175	0.006965574312593232
0.03083113347372446	0.3095293658983385	0.006908456850972036
0.0312640577094741	0.3254436495431741	0.00667210667537713
0.03170023728761418	0.2452525373390707	0.006006435502746246
0.03213968076056794	0.1323841056390808	0.005446222283105161
0.03259352059989614	0.2144873372030412	0.005577912029669846
0.03305077975312558	0.2761561403031504	0.0061388139703136
0.03351152357556438	0.3023303935795763	0.006447647549213954
0.03397570501869587	0.2264671593128045	0.006252764873689866
0.03444338974764542	0.2433517290095335	0.0057697553501179
0.03492607981182971	0.1643015814319069	0.005353957910419385
0.03541243612442293	0.1809024561711818	0.00527635342806822
0.03591419593266949	0.2267412564336348	0.005478498515107654
0.03641978979233328	0.2339475281339522	0.005641552375493269
0.03692928837156891	0.2075865260372344	0.005602660821997041
0.03744264219751708	0.1994915462559374	0.005460969911324794
0.03795992227786923	0.1941376508983791	0.005350487870950577
0.03849326084224124	0.1810828791220204	0.005323482375885939
0.03903070142907447	0.1986651038552255	0.005299017015520713
0.03957225549981253	0.2012371579515081	0.005082145106422777
0.04013040037030085	0.1448362002755494	0.004640040161574453
0.04069284003551619	0.115472433218084	0.004223568863869262
0.04125965095940035	0.1279080925945016	0.004024030420472349
0.04183078104263624	0.1382284511513642	0.0039775392056853
0.04240630711907184	0.1114624157282801	0.004004996044195255
0.04299912913286812	0.1559649727155538	0.00416611706145565
0.04359653686515026	0.1305889897499639	0.004551686290295251
0.04421169878512986	0.1755656521297629	0.005015285334151605
0.04483164152135789	0.2474995330591573	0.005105971581806626
0.04545644747328224	0.1190376750142568	0.004710805534263863
0.04609952841488063	0.08439613640501679	0.00434657608615753
0.0467341034132738	0.1807516123465046	0.004251580739557671
0.04737358424635469	0.1317834827050555	0.004058998003141691
0.0480454788947783	0.09342807056681354	0.003675447096199132
0.0487226631043948	0.09069846422289397	0.003497170368503773
0.049391224130898	0.09819249375509938	0.00369230660839959
0.05007903445632772	0.1646062239386338	0.003913006790637105
0.05078640195533718	0.1323620411343533	0.003842662156805927
0.05149938098639933	0.08292199281297027	0.003707997492124581
0.05221798842520692	0.110330990868578	0.003810373643703087
0.05294224114798184	0.202165305209538	0.003891276876036886
0.05367215603128409	0.08565499163256429	0.003676340213851963
0.05442253923957311	0.08257045965486068	0.00348420494733346
0.05517881009334197	0.121470520820429	0.003622252329865452
0.0559410640880814	0.1429052923858817	0.003895486453149822
0.05672438325672503	0.1260594825027295	0.004086674802654714
0.05751391971034124	0.1325799461115835	0.004221906140151685
0.05832507743031156	0.1482673415558888	0.004222892114026103
0.05914269280543379	0.1494686116482605	0.003910743526526356
0.05996686780018795	0.05944724445794104	0.00342658377883248
0.06079754038706976	0.094611291935822	0.003104609913992454
0.06163481303287019	0.09162444820222623	0.003013634633364135
0.06249462865676536	0.08491283103792864	0.003130294231541293
0.06336129502934397	0.0760508790705919	0.003556233612750504
0.06425109664513004	0.1856189479797093	0.004091314990584644
0.0651480062323212	0.1612194524674042	0.004229705944652162
0.06605213305086986	0.07934273594114531	0.003866932548915078
0.06698007018621054	0.1033106050285052	0.003374810954719816
0.06791549125352257	0.06829273061387769	0.003051784052031343
0.06885841993013028	0.0813727712083944	0.002971035638581955
0.06980887988946756	0.09298811723715801	0.003082336060332686
0.07078409397365172	0.1133890683835483	0.003269557936815057
0.07178445391874634	0.09560871551977593	0.00347368258262304
0.07277548965105285	0.1197463072373495	0.003662429553047911
0.07377447406784239	0.1231108907319007	0.003709153525597548
0.074816860554517	0.1057629097468605	0.003513532796735588
0.07586772003443057	0.08896983873643811	0.003172102540395886
0.07690912451629915	0.07672587928984129	0.002929455094434091
0.07797701198464203	0.07377682781363974	0.002968367746088559
0.07907179832585685	0.1293083098426466	0.003209287552671663
0.08017551143330309	0.1156185789862763	0.003396427128038565
0.08128818035677038	0.11394282494282	0.003414041756080464
0.08240983413866387	0.09125559299644247	0.003346380883421979
0.08355944834738221	0.1140632111493599	0.003266445064994759
0.08473746146045583	0.09155283227022903	0.003171406874383105
0.08592516293831177	0.09537206102560139	0.003074345869441067
0.08712258479068838	0.1021533026271845	0.003043245640752022
0.0883297590180972	0.07472882891067402	0.003146328747621542
0.08954671761167506	0.1339614670447606	0.00332275238836924
0.0907933867650597	0.09593568752422137	0.00337439482346817
0.09207022976448194	0.09997977666715654	0.003187027344514651
0.09335760241227162	0.07777645138924638	0.00291915224066304
0.09465553985300454	0.05661022623224976	0.002878583891983961
0.09596407721987439	0.1193751082398486	0.003110677827040256
0.09728324963455966	0.1281818111819616	0.003283223621659378
0.09863398416285776	0.08798138525919122	0.003193758373401308
0.1000167698792498	0.07856688607623431	0.003066733413180747
0.1014109794468351	0.09150061913600545	0.003114107140412985
0.102816651331236	0.118648846341661	0.003181987402984999
0.1042554145254463	0.08451180080399198	0.003090141306017031
0.1057060106836902	0.05765437847424654	0.00294825149437253
0.1071685985325747	0.1084993709511031	0.002878471364293492
0.1086652280124526	0.08542754215652648	0.002855154666940933
0.1101742320480449	0.06281707801052444	0.002904106071359668
0.1117181502846587	0.1436321151905589	0.003010120555381375
0.1132748347971427	0.07683472018045727	0.003027296083754715
0.1148444535630027	0.09301392671699354	0.002948707577079784
0.1164499871103138	0.08443569295735964	0.002920873297642737
0.1180688593350294	0.1154013656971156	0.00298302348183246
0.1197011159364976	0.109225053528614	0.003058588769704232
0.1213704424713009	0.1076604014056856	0.0030842838254371
0.1230774064266154	0.1101663028966222	0.003034902894521795
0.1247746399872262	0.08425028865608351	0.002957581340467661
0.1265101346656923	0.09240769992992745	0.002944391168078839
0.1282843395657183	0.1189530791380544	0.002965714611127291
0.1300488297860874	0.0942740154243885	0.002930525814030067
0.1318526703847945	0.07518186497730459	0.002904606653224505
0.133696458680534	0.1330029627234962	0.002966367505780009
0.1355556764698466	0.1121490504512749	0.0030175461841605
0.1374303775105346	0.08978379126688137	0.002982907296126857
0.1393463015286845	0.100035068922287	0.002936791087617388
0.1413040729079757	0.1097681038651236	0.002945122880608628
0.1432783480303795	0.1072063833599142	0.002986989479903587
0.1452691850239875	0.120251856266885	0.003009270840379581
0.147276641989522	0.09908528571391581	0.002983084638421694
0.149327558969634	0.1065260081085952	0.00293530616194193
0.1513955817723054	0.1023911859834065	0.002913847514811439
0.1534809197431163	0.1257522198898551	0.002929034406818889
0.1556384038879314	0.1215912541139156	0.002956473063459284
0.1578140872767512	0.143296322464062	0.002979122567929595
0.1600081894822928	0.1347852433655524	0.003005882226849345
0.1622487836542661	0.1578350409608485	0.003037063504632069
0.1645083207255567	0.1577599281948467	0.003040133465821532
0.1667868681640785	0.1348992034056525	0.003006778166557253
0.1690844934035264	0.1392481146190877	0.002977659377293696
0.1714303854413511	0.1530301874514467	0.002971531797884739
0.1738252615193191	0.1425372137787596	0.002970169816979971
0.1762403961901352	0.1511327028845141	0.002972021718622454
0.1787057304841456	0.1638115735987977	0.002989066667067999
0.1811918859002458	0.1665607471661139	0.003019390595422348
0.1836991057254876	0.1645770328595242	0.003058766052765421
0.1862579279172477	0.1822948402802724	0.003102066277119554
0.1888383934406452	0.1804456113798862	0.003120058037045689
0.1914717333145137	0.175317180671501	0.003071050990009701
0.1941273073830335	0.1178353872230283	0.002954341248965381
0.1968053714488548	0.100280759196705	0.002824078123865904
0.1995697320064129	0.09709982821274499	0.002728888724343364
0.2023576410879817	0.08691751017667979	0.002670491136416858
0.2051693662484173	0.09169942756305978	0.002635097033244108
0.2080375877742041	0.08662992750796011	0.002620905255706222
0.2109302600268332	0.0834678600050381	0.002619860189509007
0.2138474719405057	0.0823300167009344	0.002612078435382673
0.2168229316184886	0.07282511632799532	0.002594451726307497
0.2198235799622618	0.0825773069061608	0.002580518109657307
0.2228838926186728	0.07873757460859997	0.002567740988072277
0.2260045422082289	0.0652389072520819	0.002543725774997537
0.229117231509849	0.06085330146302066	0.002517493188742131
0.2322912290401039	0.06775264714040681	0.002509942299261269
0.2355274201466145	0.08396525550788436	0.002521996189306811
0.2388269046970911	0.08328162112136578	0.00253470653594277
0.2421546101878092	0.08891557865340545	0.00253458629388787
0.245510844378326	0.07839744378763686	0.002524578792929502
0.2489321089304479	0.07960938882649127	0.002514951228326942
0.252382629088126	0.07810668076138746	0.002507380845221498
0.255899743496815	0.08976009802907824	0.002489945334379439
0.2594468544880089	0.05740744257069193	0.002461622781946575
0.2630242845897942	0.07057556416095023	0.002445457580383093
0.2667083184568012	0.08566638974211353	0.002454856424117801
0.2704239753426989	0.08504159758692775	0.002474959076062941
0.2741715915681178	0.08403770365905226	0.002485958772056086
0.2779902518187337	0.08486502560861432	0.002477589326639909
0.2818416635876798	0.06971598988002307	0.002450682479430098
0.2857658102424726	0.05896173928007132	0.002417787704660534
0.2897637220571389	0.05624012101915557	0.002354262460124368
0.2937961182711716	0.05533199535963106	0.002078743457502245
0.2978222283160644	0.07082842076824407	0.001294922714111515
