Qvector_A	Intensity	Uncertainty
0.0001048642154482655	12419939.77554782	319023.3336215294
0.0001131858493359267	10184766.00780773	1110642.86871848
0.000117365549436554	9242516.579887336	2373904.801914296
0.0001215564021174032	8845877.082572097	3049425.684054187
0.0001257582972702203	8415335.70607421	2338502.772635526
0.0001299711299582934	7728067.289761486	1077187.976767456
0.0001341948000234898	7199054.525330833	370881.3394035894
0.0001384292117315661	6886366.965185271	219342.758355734
0.0001426742734547618	6496902.918718191	208414.0276768715
0.0001469298973844185	6218019.606126221	199488.2517820408
0.0001511959992746129	5958368.455372419	190218.5159010882
0.0001554724982065773	5628812.490892631	177733.9935443283
0.0001597593163755554	5414795.834406897	162667.5441434104
0.0001662099962597782	5099605.388299558	151215.6584340376
0.0001726809509982859	4751369.883923581	147463.9526575751
0.0001770083238850437	4575024.71497807	146380.4737445619
0.0001813456674444178	4366815.799075851	140796.0997473377
0.0001856929190038736	4230764.606944618	130892.0243245428
0.0001922334617544665	3986842.699617923	123237.1148146324
0.0001987935250529022	3776944.000548449	121143.2369486574
0.0002031798212975044	3666366.459923068	119112.2157903262
0.0002075757408717777	3521004.594195716	112434.6128842589
0.0002141887380208545	3370526.968019108	105872.6143896193
0.0002208207285325782	3175486.760683238	104227.4757798058
0.0002252546376376593	3080862.27573743	103349.5770125123
0.0002296979252008366	2957740.724729881	98833.97106544413
0.0002363815016097859	2858523.886906967	93901.73211433057
0.0002430836147712093	2733009.746857573	91456.38984769318
0.000247563978082294	2657896.982696557	88557.01839964415
0.0002543028333717103	2548750.946544418	83621.72500630445
0.0002610599012607693	2442835.268902578	79260.01805019101
0.0002678395932760301	2341470.864299604	76852.37709534803
0.000274637275059288	2253381.009213092	75618.62816114434
0.0002814573122149999	2154622.460245864	75379.62229153982
0.0002882951315583949	2070793.990671588	75524.57033269366
0.0002928654776280387	2024502.363291657	74010.20204136078
0.0002997386006123409	1938517.164794511	70167.28779676903
0.0003066292499843447	1880784.504149875	65268.55987105599
0.0003135416945348511	1797917.604569838	60966.8653836462
0.0003227871778299113	1688773.343713527	58899.5208851683
0.0003297428526917958	1581123.181730529	58739.16845015333
0.0003367199707459333	1550525.512553486	58360.1754898365
0.0003437141641813663	1495949.879297511	57153.34186427121
0.000350729605919044	1462539.237072816	55624.25284043048
0.0003577619715933866	1339220.06472466	53440.77063504939
0.0003648154015847799	1357238.733258237	50881.09428567449
0.0003742479238380585	1301864.148988902	49203.3377757901
0.0003813431918008618	1207706.7021716	47748.44743372712
0.0003884592391925392	1193650.312983531	45023.51216598016
0.0003979748831985091	1135754.880876743	42626.74901151004
0.0004075234786890532	1065937.766536041	42499.5735621183
0.0004147054314978987	1033237.973785459	42604.70099930407
0.0004219078046481467	1000053.545404644	40482.13224461389
0.0004315380848586768	961221.8553607014	37586.74272147114
0.0004412007747881876	923769.4837002008	36624.24830519156
0.000450895730641139	889615.6454571212	37478.62170049998
0.0004581870372980082	862387.5100936485	37687.65948469723
0.000465498359394926	833619.1425286914	35907.30596031654
0.0004752733797002509	800231.2678216047	33425.6505352161
0.0004850801964209947	771445.8083259753	31814.70507658095
0.0004949186842698264	747070.725348539	31029.59592543961
0.0005047887215792308	719653.5852800532	30412.61895897632
0.0005146901901456095	691313.784977372	29730.8852286906
0.0005246229750827864	668296.4605871547	29009.75813941943
0.0005345869646837606	637343.0257962806	28281.32951399206
0.0005445820502902138	615395.9465398667	27575.30374938775
0.0005546081261704311	593521.3482035279	26924.93034588685
0.0005646650894029958	571135.9557902741	26284.40558764072
0.0005747528397667523	552214.064690554	25440.8020120291
0.0005848712796377	530487.9567233324	24325.5845413478
0.0005975639293389828	506390.9807112656	23442.38198294714
0.0006103010275477264	481141.9581316709	23259.58190039568
0.0006205261471523195	465977.3529357909	23325.67505165562
0.0006307815465754194	447363.8295929389	22849.57567294713
0.0006410671408491825	435221.9691454004	21837.85552782947
0.0006539680321240401	421026.6636780019	20975.34288537167
0.0006669126896432741	402447.5347420434	20507.6635750241
0.0006773033256292401	385058.6958933331	20057.73330768427
0.0006903351189555913	372056.2043613319	19586.5366421957
0.0007034102888548389	361252.2544452721	19262.98584165546
0.0007139050310406136	346986.90875262	18776.66087791263
0.0007270665882120448	331888.2483867512	17890.02750789637
0.0007402711623350372	314912.2788848509	16597.56022998241
0.0007535247595938187	296030.9581787888	14539.47871549735
0.0007828826825537955	278309.9896965307	11575.01933187568
0.0008069877051577384	270568.4857140739	8561.337780801354
0.0008123742802683454	267711.4471512517	6543.645841137257
0.0008177681053071764	262405.639609747	5529.89337225862
0.0008231691731801048	260050.8922563231	4787.551841638873
0.0008339954167392574	252743.9290423327	4013.22057523506
0.0008502853123700873	238961.0647707695	3452.52474962124
0.0008639082485756022	232200.2960910243	3187.640548056715
0.0008775790875815009	222954.7940920191	3043.584608463374
0.0008940414372897082	212586.7998678026	2931.869716607954
0.0009078077441006594	202440.1231635738	2825.978984399822
0.0009216216217797141	195735.3110902052	2674.514589726918
0.0009382552302080748	185601.1367303457	2498.692477134315
0.0009549527710926265	179366.0210488605	2358.023734883371
0.000971714093457024	169632.18882653	2254.654268833486
0.0009885390505686611	161324.319474811	2163.888681826439
0.001005427499784149	154081.6342084605	2076.131395510014
0.001022379302404907	147229.1415587452	1991.984722089837
0.001039394323537381	139605.5159599441	1913.902294650489
0.00105647243195908	133279.7190003682	1841.244133351698
0.001073613499994745	127809.2557596847	1772.345551853667
0.001090817403394154	122081.2644181762	1708.782705261181
0.00110808402121895	116748.3331370165	1650.860758742803
0.001125413235732446	112009.2841801929	1591.628330977533
0.001142804932294367	106107.7127160207	1519.034450618689
0.00116025899926363	102861.9601614945	1433.946245446588
0.001180702775480309	97367.93795318932	1359.131428587747
0.00120122710153843	92440.71711916947	1304.616883202476
0.001218888300150568	88014.47279234821	1253.571130597897
0.001239573286730403	83935.41512257716	1203.024322637402
0.001260338392183899	80076.4089245275	1161.701201023966
0.001278205613897206	76749.93423066073	1119.321461419001
0.001299130553991233	72682.47428286503	1069.427458401897
0.001320135217264403	69512.40826715567	1022.110606475185
0.00134122743223065	66557.0730140887	978.6881678491898
0.001362399112588795	62797.42091278157	931.7377110494809
0.001383658069257399	60091.07628872816	884.5093124542457
0.001408053602923042	56940.20799510693	846.5936540276115
0.001429486702424268	53791.72262721608	813.9261653939268
0.001451006676613109	51333.81488859968	778.5736117541048
0.001475700071035251	47789.83344296183	746.1209386291093
0.001497393420421247	45792.45360672582	715.5153038272881
0.00151917327771701	43283.12870219006	675.3763900587691
0.00154416327494079	40504.8608000332	630.3095973811437
0.001569260837349557	37910.63802019074	593.4877396505361
0.00159446581793084	35868.16785238208	565.2970020476159
0.00161977807440076	33696.14546416907	540.095999002629
0.001645197469048049	31478.08984700866	516.4092712754074
0.001670723868588624	29937.19253685517	494.2479231153294
0.001696357144024625	27779.99831191433	473.1427545882134
0.00172209717051012	26182.40559864127	452.9307328335728
0.001747943827223011	25212.48919337397	432.1351486682365
0.001773896997240393	23783.61639088329	409.9424883702837
0.001803223980329751	22431.28638320193	390.0209045927027
0.001832680488945379	21221.11092134568	374.1798882296865
0.001858979064651858	19938.84054979615	358.4173601605636
0.001888694212056941	18596.39183446903	341.847259514561
0.001918538482357644	17482.16368204473	326.7536938574707
0.001945181389682581	16313.22818569941	311.2391980103386
0.001975283535919047	15377.75762430867	293.8894208147751
0.002005514443966455	14148.04871545507	277.2669966539952
0.002035883893718829	13274.41172234428	262.2440974011581
0.002066381877697126	12224.65005226217	246.7457680359561
0.002097018167612885	11507.74576908455	230.1931945697683
0.002131212032833902	10578.76296313799	215.8066493736095
0.002165570274821505	9753.159772249859	206.1540717882062
0.002196630661306654	9068.66862359665	198.1014830412275
0.002227828913267404	8650.420443357805	187.4580959103416
0.002262646711757499	7993.601417817557	175.4178414321738
0.002297628405696748	7377.960768619071	165.3654849911113
0.00233277388187564	7008.217376715032	157.8283174263392
0.002368083032355513	6522.349430020943	151.5048078527861
0.002403555754310123	6244.616860588467	145.323001644699
0.002439191949868978	5846.81285287532	138.4996694413544
0.00247499152597316	5333.340173756304	130.7315396836798
0.002510954394230142	5003.690122128946	122.6710718175524
0.002550705042340579	4723.623836063319	115.5520730293163
0.002590647086008483	4326.485789078811	109.6651805531562
0.002627131947115649	4034.774018921226	104.033465527381
0.00266745650725772	3791.073266708314	98.44344542300135
0.002707972199156693	3504.524255403709	93.77909391894278
0.002748690883961554	3396.246683425485	90.11456597923723
0.002789600546566963	3151.718107177674	86.76062266361401
0.00283071304972131	2983.682922876274	83.45962664009474
0.002872016397537056	2852.102744911795	80.18276369083409
0.002913522455014214	2733.744345502274	77.06014318292068
0.002959022862510927	2567.379940836528	74.43867250107981
0.003000934166132818	2505.676765020633	71.89293066127732
0.003043048016541974	2295.647462303353	68.68999084458102
0.00308921131000135	2216.269319712392	65.30672803449231
0.003135608463342131	2100.296600280271	62.59684500631848
0.00318223943427077	2004.458735335039	60.57530683034455
0.003229104186322007	1896.935816377676	58.89756655047369
0.003276202688686642	1844.603902866915	57.18506823137899
0.003323534916049748	1779.508137719488	55.24353901015357
0.003375078740967387	1692.527848426111	53.51173676217847
0.003426889793941235	1634.665226135774	52.30849603637397
0.003474962043171681	1582.382855718372	51.22782165194226
0.003527307525174464	1516.253505321373	50.10377639048566
0.003579920220372344	1464.740261225092	49.04240126509247
0.003628732449834629	1438.414642677051	47.61049227082874
0.003681879598176987	1339.572227900324	45.77029223270562
0.003739417946488354	1274.319702317772	44.37919024766781
0.003793127756546837	1237.217428706904	43.64249456739569
0.00384711894329446	1241.1265367272	42.89777396539903
0.003905566361336252	1174.623852490885	42.04640433704087
0.003964332046454017	1127.8269831588	41.39691570515808
0.004019181693868883	1107.175857368848	40.62037308991371
0.004074312908673338	1032.109377231464	39.24653118165182
0.004133988278912634	1002.493233487948	37.44845110755116
0.004193982182183669	945.1120100189127	35.6960924215872
0.004258618999735137	891.6460985730831	34.37319278721576
0.004323613558368627	851.6248620788051	33.58395444653578
0.004384609143205281	821.4132941569893	32.90863769592639
0.00444592364953528	785.3170445319947	31.84942958383806
0.004511975862767136	746.9285638718341	30.43728587859474
0.004578386307930052	677.8493426079712	29.02687165522178
0.0046451714186599	644.9610570979665	27.79544863591357
0.004712315055424911	613.0053991644892	26.49163222341813
0.00477983367869626	580.6713196553627	24.41447184917112
0.004864680567446316	529.7703151078509	20.85348408320225
0.00500292255552973	518.0812962497519	15.92319787208636
0.005016710288392307	477.5758850010702	10.8446481541003
0.005062789230752025	439.5196925176701	7.056651602110064
0.005136829387184484	433.2337322871062	5.05902902255627
0.005211288203094199	403.132289021585	4.295936753067979
0.005286165923823154	384.0237228120275	3.998259996414243
0.005361462801405098	344.3365611326913	3.796448141721599
0.005437179094379819	347.3482060671143	3.611155867468241
0.005513315067613954	326.5132683551307	3.415844946126966
0.00559467433854581	295.7201432712138	3.221245075518323
0.005676498725344944	293.6748873613215	3.058466300933418
0.005758807179238553	275.8135195553967	2.922252151119994
0.00584158142250086	259.6400442091154	2.793088063152213
0.005924840447775002	250.0859887421225	2.675919016282962
0.006013510762570896	240.1298816543033	2.581372897507657
0.006097740484593817	231.2229524916334	2.49744029989494
0.006182456135201659	219.4255852855194	2.408778465754337
0.006272669995046155	218.9146264449959	2.322927727644903
0.006363419042363201	208.0868506572156	2.249137206299949
0.00645470374375433	203.3678186525628	2.177799842520027
0.006546524573041241	192.0328641628596	2.095687041443845
0.006638882011064751	184.5355446050549	2.004621422801051
0.006736958365552688	175.5105288328495	1.922352121166478
0.006835623224174896	168.3840661087463	1.859735898347121
0.006929653259923392	164.1025950520155	1.805531350345652
0.007029496841220539	159.2123957498544	1.747394850628735
0.00712993065559063	149.8492713258043	1.685758574661475
0.007230976405440318	148.8129742462316	1.622849435265402
0.007337985175880507	140.0096445116907	1.559209635028385
0.007440256727031261	129.2961551293259	1.493360190095814
0.007543142158484234	128.3198268780866	1.421992912420583
0.007652089505759388	115.0310928633413	1.349252233824761
0.007761706787885252	114.2554880269218	1.283652605144862
0.007871994766270885	104.0631213726796	1.224888272452628
0.007982954209752039	102.7605548074119	1.167111065975032
0.00810019102826562	95.97747840941823	1.110826398681458
0.008218158120827976	87.46827688212545	1.059669455678834
0.00833120406896291	86.82607167045505	1.011723586993589
0.008450634375711351	80.29335791875648	0.9669622586925253
0.008570797637731012	74.02689185519291	0.9283295993340718
0.008691718451822691	80.59429364140587	0.8894260151202011
0.008819192056290611	67.13515343038156	0.8472915625603178
0.008947486221059932	64.45226142366104	0.814187769365467
0.009070709358391575	65.06167434927266	0.792928171981621
0.009194694027132459	61.49793218641723	0.7690586009450791
0.009325381583750769	60.15290035453681	0.7357544067239972
0.009462898064070748	56.90413069846537	0.7012962442485327
0.009601304375085171	51.46487754757795	0.674009105989678
0.009734545366778249	52.08829800559836	0.6524399065642521
0.009868614811816579	48.18974129116091	0.6320420511247562
0.01000967195321989	46.49637918257063	0.6131603282704288
0.0101516240074547	47.93771553083052	0.5947813679271331
0.01029449865254431	42.92159128824634	0.5727723404704876
0.01044454939736635	42.31227072091046	0.5487949713775819
0.01059559335336953	39.20641463258092	0.5280432363875439
0.01074763206610201	38.30991103298258	0.5100570110829765
0.01090066708938688	37.01559174788005	0.4903968899095815
0.01105469998508513	33.12561624991906	0.469452364524392
0.01120973232287367	31.63514277110541	0.4524964540430553
0.01136576568002502	31.90259881412469	0.4393983882565465
0.01152280164119532	30.63758154520166	0.4237279630050073
0.01168745589699016	27.72238817159598	0.4037099867953944
0.01185318702997084	26.13622678892731	0.3841972079437395
0.0120200259844254	25.18740215277418	0.3696328731933076
0.01219469259113924	23.88691860075883	0.3599200848025693
0.01236375281241854	24.60000597154903	0.3497696413323486
0.01253392649454292	21.73486737006005	0.3345062764975793
0.01271206710693436	20.32922499423268	0.3166186277369092
0.01289140027189931	19.78178831209138	0.3017248327728669
0.0130789033112748	17.89419271933989	0.2921426570556696
0.01326768107471227	18.87870637266693	0.2857887384405926
0.01345069678373636	16.811960255774	0.2784330831597063
0.01364203090844295	17.21369502612349	0.268391815120958
0.01383464668626392	14.94696027740179	0.2574526683310974
0.01402857857175832	15.51738506264041	0.2474187599437792
0.0142310605293132	13.60217350713235	0.2394194376080398
0.01442763199064196	13.46859906090457	0.2341094128639051
0.01462552693541479	13.3409248754712	0.2299800149043912
0.01483212640471677	13.279291343688	0.2244563760407371
0.01504013714612032	12.0587561596761	0.2176764634864089
0.01525707624101289	11.65401853619993	0.2116095802477067
0.01547551766449129	11.89478089014077	0.2050880886200224
0.01568787998600712	10.40804144553526	0.19543752063278
0.01590933494037263	9.375097614771379	0.1847815356005949
0.01614002601254751	9.205640695791221	0.1777220293534894
0.01636457688063971	8.897943102416249	0.1743528937880401
0.01659068039079015	8.799620526671157	0.1711574646291281
0.01682619001508261	8.494639313354742	0.1662952575259099
0.01706334900073147	7.610316154263232	0.1605890484390821
0.01730216075377799	7.754919653979129	0.1554153616340644
0.01755068237659689	7.018042599384031	0.1515110706792774
0.01780095715126703	7.141904186599345	0.1482346548013084
0.01804485870745198	6.89367131212025	0.1439731423308873
0.01829865089846154	6.291659868839234	0.1386863158264941
0.01856249078108013	6.40626297424156	0.1341795960466653
0.01881989220880189	5.655511951947787	0.1311610731236286
0.01907910409351225	5.970650222590956	0.1277712204420824
0.01934855056007369	5.742546184556518	0.1216151381472072
0.0196199139267611	4.504260821768212	0.1134465342612388
0.01990177989297868	4.463124517276182	0.1069212974267938
0.02018567286890796	4.196364143570321	0.1035376399250938
0.02046293299837634	4.272285237062675	0.1011261156791852
0.02075089363938348	3.948120451620186	0.09802870002424205
0.02104972585052406	3.60404746119455	0.0950885862578518
0.02134185597480145	3.663680867029711	0.09306318404459896
0.02163607798169406	3.466192980652638	0.09119480441583416
0.02194137601898963	3.388959304671061	0.08873873146757166
0.02224888251740096	3.123459743669382	0.086006141885956
0.02255860260403421	2.955863635254695	0.08372860816550817
0.02287976094686391	2.996385810405731	0.08171137681481393
0.02320325360652104	2.898593587106334	0.0786174435029018
0.02352913114198646	2.455658756044587	0.07426917210739763
0.02385735412372888	2.129878362580294	0.07091197442267591
0.02418797333846645	2.198154506050883	0.07019811667953493
0.0245305094479238	2.556412980069648	0.07071890507686629
0.02487556885793603	2.093162811006767	0.07014850348782831
0.0252231577138529	2.32023410843178	0.06773507288520891
0.02558305619615132	1.86404937319939	0.06420726143201091
0.02594561559492154	1.765386371936845	0.0608766669769751
0.02630097145659863	1.631753488884159	0.05850021317031364
0.02666887241214744	1.641168532168354	0.05672275935523872
0.02704951988999437	1.567053556015806	0.05512232715477269
0.02743302785393536	1.362448496612393	0.05397597725877903
0.02781940358084272	1.502637748570503	0.05346088902331359
0.02820865435385386	1.380170236255577	0.05326793493421972
0.02860078746214041	1.333316220604048	0.05322904685431801
0.02899581020068143	1.362062261728403	0.0528856261618262
0.02940425370147802	1.423178673116654	0.05114907596293022
0.02981573035957525	1.020091477698034	0.04795552822375512
0.03023030044222012	1.040820822728927	0.04477633114187483
0.03065868155656062	0.939206276590331	0.04271525225406452
0.03109030604885834	0.8975635902003787	0.04151420007543462
0.03152518246404921	0.9045376017243862	0.04026745151030871
0.03196331935246206	0.8375102859917484	0.03875302012810078
0.03241581637493218	0.6394229271350583	0.03800695091426737
0.03287172914157347	0.8698833183294781	0.03863278891529314
0.03341031609912223	0.6957678707321561	0.0396996421189596
0.03564498101523693	0.6660032244636539	0.04029571339119123
0.03566831585695195	0.7355388328304691	0.03988520585349623
0.03569165904651116	0.6578120944597293	0.036782914185916
0.03571501058498877	0.6823068644178458	0.02936805311644551
0.03585533698547157	0.570054335518971	0.01962042130576395
0.03623101239839582	0.6188272327164021	0.01215574773130986
0.03673906797191014	0.6740690944554725	0.008863005624349607
0.03725097484756128	0.6196853684745922	0.007830932362054331
0.0377668039699166	0.5041506813193334	0.00718203126542905
0.03829865373072001	0.4083848575895595	0.006731515145056333
0.03883460134710596	0.4674237140047707	0.006644128868710285
0.03937465827917831	0.5411049013014564	0.00662471270797169
0.0399312676562549	0.4156987463456756	0.006374467635838476
0.04049216749794504	0.4006313608379111	0.006001991718309837
0.04105743420235929	0.3510582724326068	0.005790066815944734
0.0416270157337184	0.3856412638479018	0.005845899912204036
0.04220098886015713	0.4134026578345859	0.006024642649901827
0.04279221891708697	0.4562521094977992	0.006110860454837181
0.04340105053091162	0.3759825587668471	0.006086460142933493
0.04401464462399539	0.3732833598756397	0.006032937962438824
0.04461985813324625	0.4414829628152745	0.005813264654712181
0.04524301859217606	0.3057472487758888	0.005283639425712899
0.04588441412641726	0.2350518079427033	0.004702259597967195
0.04653087085626045	0.2344177735634341	0.004489339134865208
0.0471824037032804	0.2720470746648879	0.004726745262028058
0.04783902759088166	0.3315595246780245	0.00508853284479483
0.04850075744409602	0.3710537204618869	0.005178005478752882
0.0491815736794203	0.2535023852380912	0.00493470826488397
0.0498677058695366	0.2534067860256657	0.004642589595412983
0.05055924282516887	0.2466986319107867	0.004547292426330118
0.05127042432994514	0.2644606724215547	0.004652317989788039
0.05198722884217824	0.2831783445849772	0.004787742669211588
0.05270967323794221	0.3102912470487714	0.004745805302834616
0.05345241352319859	0.2355832642776366	0.004502503807279663
0.05420101842820503	0.2030120700170681	0.004276375553805408
0.05495558314575349	0.2347030775292602	0.004238026110721395
0.0557310384817497	0.2347448486129776	0.004320016266382731
0.05651268700929493	0.2505004848894905	0.004390017537661753
0.05730054771118775	0.2218203226841394	0.004409980090998944
0.05809463956942967	0.2476644866084344	0.004383618564915988
0.05889498156503548	0.2058080195116373	0.004321025965719252
0.0597171865373424	0.2081969404180395	0.004244947804381793
0.0605616027741195	0.2276989068012231	0.004148257608468936
0.06141282175361933	0.1814110383927924	0.004034784908415402
0.06227086472574645	0.1867910414425357	0.003938423606370717
0.06313575293825445	0.2183033104789571	0.003820047756429285
0.0640075076365605	0.1642729704695666	0.00364653827429684
0.06490250803079996	0.1707785775470917	0.00353358493349508
0.0658211235530856	0.1738902551668007	0.003583692181906439
0.06674719340548105	0.2111140444788329	0.003715320168009
0.0676807412699294	0.1990682667261158	0.003807521124236011
0.06862179082470103	0.1964474768275868	0.003863697999108001
0.06957036574421854	0.2069044779270413	0.003926625154323171
0.07054365503285706	0.2180612231103732	0.003972993534308814
0.07152474444594728	0.1905261165260216	0.003971121097840427
0.07251375084769335	0.1978844338583736	0.00390092744754105
0.07352818987950471	0.2008542038342761	0.003720543373320929
0.07455083057604371	0.1521259080638558	0.003473946011789911
0.07559956924468633	0.144477830870621	0.003331958028002711
0.0766568014091789	0.1769494750457375	0.003380065472497278
0.07772265138555536	0.1900208965766779	0.003515773632896919
0.07881535899540551	0.2016093294569663	0.003631915130250107
0.07991698659215718	0.1735566932790685	0.003707153421172079
0.0810275632273017	0.2389970074115971	0.003700293213994712
0.08216587885810671	0.151814203627473	0.003568835086659186
0.08331345397120817	0.1957232768557404	0.003382947555363747
0.08447042099039745	0.1465230403696919	0.003293530734470798
0.0856559319747585	0.1753729691801411	0.003382383386827672
0.08685115610643693	0.2276514574765182	0.003549558813438324
0.08805612538804074	0.1963731141447274	0.003616684158443604
0.0892905715882612	0.1971182507124933	0.003555849058102993
0.09053509283257914	0.1679063528243649	0.003489748545983804
0.09178983002593882	0.1784273487774781	0.003472442491709685
0.09307489630972945	0.207488737035049	0.003434954134040295
0.09437051969955618	0.1441194573381187	0.003387147903049177
0.0956972572918231	0.172552376365894	0.003422550349698668
0.09703490129713112	0.2151745945364404	0.003465361428608403
0.09838360112540488	0.1784029849123126	0.003382624283732525
0.09976431391173396	0.1271221424340913	0.00329231198037872
0.1011564435540464	0.1982741800259625	0.003345423242536151
0.1025600285204416	0.1968324836773157	0.003415555108057762
0.1039966660088706	0.1856870355766495	0.003356347293516034
0.1054451292961318	0.1365963284068022	0.003268105014289409
0.1069055770398516	0.2136108025894368	0.003266927645641611
0.1084000271332944	0.1832961672421764	0.003296834158878664
0.1099068443731827	0.1877559300606924	0.003305980899438684
0.1114485360663286	0.186072322270417	0.00333296063325716
0.1130029864492933	0.2181973164590776	0.003378100024888218
0.1145703634289542	0.1883385332614103	0.00339866237946791
0.1161736149358722	0.1999970865543995	0.003395423985793328
0.1177901972841521	0.202021964993582	0.003384386744242398
0.119443570853117	0.2027813136431897	0.003359024798426808
0.1211106887209147	0.1958211646046854	0.003325696834304541
0.1227917284242487	0.1941301353558866	0.003307683932853743
0.1245106115299674	0.2057981241259211	0.003311200558800598
0.1262438431272895	0.2109271779050473	0.003331994366254275
0.128015880999729	0.225271609359871	0.003373256051474384
0.1298027036002377	0.2337613497197324	0.003418886136166401
0.1316044984844764	0.2410180296311978	0.00343911854367081
0.1334462058380779	0.2190704281922362	0.003448801986503424
0.1353033354188255	0.2630363453977081	0.003484830790229914
0.1371759409878025	0.2507757284145464	0.003536828200473024
0.1390897337928318	0.2707046817803669	0.003569916991520798
0.1410453379559404	0.2724984104933092	0.003583105644769101
0.1430174382116972	0.2613445551307814	0.003603796656114577
0.14500609269179	0.300149981105131	0.003638539019973175
0.1470113595005462	0.2857994919521405	0.003664972263417983
0.1490600496979844	0.2988814550977487	0.003678823290999139
0.1511528173400334	0.3083415654060998	0.003698610294290686
0.153263268994365	0.3188878812284254	0.003728176356289648
0.1553914673537082	0.3207185912417066	0.003760965211183946
0.1575651425781341	0.3432122079250907	0.003798927934827743
0.1597570744595246	0.3515406435560641	0.003840044279959464
0.1619674830283148	0.3629968404067967	0.003865582064204957
0.1642246485469938	0.3662377875141944	0.003850926986894264
0.1665294288536538	0.349840830956444	0.003789630054578638
0.1688536786592296	0.3241196309736161	0.003707600253249841
0.1711976291189558	0.3025435605828658	0.00363520488960751
0.1735905326303971	0.3119952376680729	0.003562634932717155
0.1760036876625076	0.2726373982186908	0.003464759661751205
0.1784670109630545	0.2450353790141599	0.003357854592560819
0.1809812478767766	0.2333425709735525	0.003265572744962829
0.1834866109984584	0.2071385648173134	0.003173478433123421
0.1860437187959586	0.1623952571769079	0.003078010496755129
0.1886531632578483	0.1661632458018177	0.002998876766134521
0.1912849305088684	0.1628834875822631	0.00292714073501386
0.1939389262987992	0.112726579180989	0.002848149270477261
0.196615406388876	0.1279610080530901	0.002774661310679629
0.1993781398271659	0.1176919955037572	0.002712141270547432
0.2021644158737115	0.1093513975259945	0.002661417016747394
0.2049745020412102	0.1042337915349536	0.002640459034768851
0.2078410597120715	0.1329545103931816	0.002646585584061778
0.2107320620442411	0.1026252795696105	0.002648826387879785
0.2136809175528558	0.1035283197424088	0.002632365116995729
0.216654865030992	0.1015946658264246	0.002601005230704573
0.2196541853827323	0.09086844696542624	0.00256301873155373
0.2227129576741322	0.08760649474617486	0.002536660021373146
0.2258322394762948	0.08653313906041267	0.002530945153372522
0.2289781415971737	0.08825071916527122	0.002526577795231565
0.2321509581383839	0.08491747533391868	0.002501434992543461
0.2353859509106944	0.07900981644206523	0.002463669066429144
0.2386842196251057	0.07607753529322282	0.002442632482017633
0.2420107048059581	0.0960564663062663	0.002446405402215104
0.2453657141833507	0.08920496254725761	0.002453856352479512
0.2487857362034052	0.07846783181080454	0.002455109761168361
0.2522719138879897	0.09217364798604206	0.00245724942314631
0.2557879740871966	0.09738752395984586	0.002455310337509459
0.2593342385970078	0.07414964026084245	0.002443373627767693
0.2629484675075421	0.09047457316878114	0.002431861069471948
0.266631848341706	0.09696608734576778	0.00243149102209373
0.270346849772932	0.08916311937680256	0.002441889369979749
0.2740938081066951	0.1078268693961596	0.002448817711692903
0.2779118012227294	0.08781075124858735	0.002434057571777353
0.2818020623539166	0.08182229579567274	0.002405038005285393
0.285765618455567	0.06704372603434855	0.002390127932554681
0.2897233237720266	0.08817068351973517	0.002358498619671796
0.2937554896660643	0.07776165206440011	0.002103464818560427
0.2978220365306484	0.07903004652920156	0.001315405335731266
