Qvector_A	Intensity	Uncertainty
0.0001244584341515039	3170957.109429789	127521.1820855948
0.0001328912910599112	2706428.800560979	369551.2550987896
0.0001371257027679892	2532802.475319394	726087.4815260979
0.0001413707644908567	2459989.095875263	913386.2452447144
0.0001456263884205151	2357668.155016378	716041.6054720737
0.0001498924903110412	2307425.793577287	366500.1810368159
0.0001541689892430075	2271283.154865243	170719.6539037083
0.0001584558074116576	2170212.182778058	128291.5787193023
0.0001627528699319098	2106799.046039872	124015.3102006815
0.000167060104660517	2036747.755295876	119660.3165045198
0.0001713774420343943	1973459.024465613	115053.2202782431
0.0001757048149211543	1898291.351156259	108800.9222626297
0.0001800421584808605	1824192.162537283	100628.2807828247
0.0001865679595078028	1723594.195217024	94016.78474023762
0.0001931133966055535	1658061.642770658	91815.65401705765
0.0001974900160890245	1578196.483227152	91325.21193965949
0.0002018763123332993	1510339.861535234	87974.98116668318
0.0002062722319075752	1472123.971360796	81457.59716382665
0.0002128852290571509	1401864.458326994	76146.39050469612
0.0002195172195687138	1308625.967636146	74968.21763359627
0.0002239511286737978	1266133.401851237	74619.29246673323
0.0002283944162366479	1236777.220235647	71291.67355729862
0.0002350779926457667	1175095.415480861	67405.9075156149
0.0002417801058076896	1120084.640412472	66432.00282863507
0.0002462604691187775	1083983.227929821	66268.0168959182
0.0002507499974603802	1054839.027826936	63596.18911926034
0.0002575025218259799	1007038.677731047	59449.90250635582
0.0002642731827094335	950988.6675190768	56514.22654963746
0.0002710663760050478	913840.8141544523	55543.44473668739
0.0002778774882653146	853028.5397365263	55347.55980232876
0.0002824301182373736	839244.037321633	54056.40374916555
0.0002892767956294035	802318.3689229598	51507.28622926166
0.0002961411244895895	770743.418838734	49273.37611463507
0.0003030273999136834	731274.1986008289	47887.22761690016
0.0003099311411804234	703680.7947593841	46547.67452314887
0.0003168566043025387	662349.5914133308	44838.1423556984
0.0003237993590891975	626492.4960647944	43065.13369117265
0.0003307636246330539	583665.4034108465	40702.15471185802
0.0003377450180265626	572319.6395920567	35509.01685908054
0.0003541382459197586	517680.5005326978	26721.54798419912
0.0003705821034431462	497573.7831257848	17801.68582684924
0.0003753067263051743	483817.7391285978	12525.09618575004
0.0003800396828371362	474319.6341266617	10712.47179997293
0.0003847809510637708	453678.0244802942	10215.3699520963
0.000389530509393872	432584.0300080511	9877.445434638785
0.0003942883366103901	425608.3866425664	9391.047054872917
0.0003990544118595438	410620.8422426973	8678.217772445412
0.0004062199697251922	395612.8475427579	7907.973174258714
0.0004134019225342111	369981.847024791	7208.29569400292
0.0004206042956846328	357836.0271915953	6544.123371238672
0.0004302345758946799	341117.0684068822	6068.971895713139
0.0004398972658243676	319571.5639973742	5939.245610348195
0.0004471644604613736	309090.9149884089	5860.463283760533
0.0004544517556144923	295373.4436307276	5490.903166983746
0.0004641948504314676	276819.2287641947	4992.581083150537
0.0004739698707368058	257353.3166384118	4729.044641005992
0.0004837766874575631	244095.2167921647	4725.690472796142
0.0004911516040411531	236916.3041250202	4671.52143768237
0.0004985462577456331	220173.0156936942	4363.151797719876
0.0005084320252483402	210135.7402821518	3947.647484698048
0.0005183491661589376	197559.0003150791	3632.337350149872
0.0005282975671979117	185286.9256802673	3427.462540890986
0.0005382771181981102	171429.7355465889	3266.39627348444
0.0005482877119795289	162449.7668635773	3125.062076965163
0.0005583292442298721	152601.512992123	2996.859362949021
0.0005684016133908864	147805.5438487604	2860.688961258327
0.000578504720553109	135158.7585727216	2686.675419965221
0.0005886384693532551	123977.5402509216	2486.650654601821
0.0006013501873914103	118712.7855969433	2331.385068170274
0.0006141062880171264	109993.0005269302	2260.014293181006
0.0006243465582822171	103063.3191256112	2222.963355386964
0.0006346170656225572	98075.83136626135	2158.299292632898
0.0006449177261000577	90964.83933528574	2048.071144148264
0.0006552484577840093	88010.08979052417	1910.427472119865
0.0006682055952989173	77749.86906056236	1794.929064358206
0.0006812063281512678	76482.38960376599	1721.032599440805
0.0006916416912354715	70472.96181148726	1646.878026490815
0.0007047292317207917	64123.88255044838	1557.715218349604
0.0007178599911731071	60230.47474403782	1476.331995316199
0.0007283990820877068	53883.50813301137	1397.217016470298
0.0007416159257668678	51026.47934809593	1314.092227866649
0.0007548756406678032	47186.9053156126	1240.941456001384
0.0007681842166520795	43411.04389594994	1177.657238617164
0.0007815354313294161	40101.98153404657	1117.400461096889
0.0007949352483946184	36212.95905513061	1062.602112357842
0.0008083774837498844	34223.26897357638	1013.47019859007
0.0008218680761544434	31039.96926158216	964.0618960300166
0.0008354008777133266	28858.07623449502	909.3942317418503
0.0008489818034068617	25000.64627686035	848.6200041475057
0.0008626047396125751	23099.73734976283	783.1325608950617
0.0008762755786184532	20495.51960705003	721.2241806234781
0.0008927379283267023	18757.8599686185	674.3240350795395
0.0009065042351379092	17004.51998808595	633.2428461001248
0.0009203181128172201	15634.05579170189	578.1304829444783
0.0009369517212454055	13179.45802003599	516.9605604689136
0.0009536492621303325	11706.105449664	474.3135665577462
0.0009704105844947761	10947.77969262402	451.6077725989191
0.0009844254988522622	9695.106310455081	427.148947077754
0.000998487461712753	8603.659887350228	387.4613103272997
0.001015418161705307	7707.939707466183	341.8620501254382
0.001032412124759503	6488.707874438905	304.6237574644141
0.001049469218443497	6103.367157373045	278.2443364761182
0.001066589313913367	5464.367261976085	258.8831431783347
0.001083772285790371	4914.290985020015	244.1058922000809
0.001101018012044811	4790.656426841578	231.3147113988688
0.001118326373884177	4610.898203850164	218.0358086612787
0.001138600494832909	4144.756266741555	206.4893524750295
0.00115895549030152	4130.041338761862	200.7092408412264
0.001176471818937859	3821.9411851185	199.7097225677588
0.001194050303313221	3877.183287414182	198.8101435986564
0.00121169084022286	4026.299343997628	195.2708000548113
0.001232351764103717	3773.449142665695	190.5909624280073
0.001253092848308889	3671.622038904217	187.0783000980256
0.001270939514939812	3532.378975237648	184.3549507257104
0.001291840513243532	3591.555974867876	182.2740924268108
0.001312821272805795	3545.848250933399	182.1711120637039
0.001333889624735296	3618.970675667158	183.5194888157231
0.001355037477963909	3664.600592291144	184.3682812849029
0.001376272645865005	3457.414563190273	184.1919895800339
0.001397587069889361	3509.357069170352	183.7938448625699
0.001418988546628097	3306.041334892098	183.1234803781642
0.001440469048161823	3461.414323741763	180.2375763658302
0.001462036355203894	3297.313210392325	174.4033415231845
0.001486783767657035	3297.353112452142	169.2424610716564
0.001511639094201768	3196.218296975096	167.6328448313162
0.001533473941833999	3150.407796602066	165.8910266830824
0.001555395110837683	2954.731107991659	159.659290533562
0.001580546400410008	2740.758600882868	150.9200810476819
0.001605805036432087	2524.676146512685	143.723061416091
0.001631170878924534	2421.148697166783	138.4970712552272
0.001656643792408069	2210.978501147282	133.717854065088
0.001682223645758422	2073.286946354137	128.9008011748282
0.001707910312070732	1920.255371353193	124.2553194075831
0.001733703668526244	1847.220965224912	119.7078984263403
0.001759603596267674	1586.719317606015	114.830954849326
0.001785609980277463	1621.776906417195	108.4338173159561
0.001811722709263859	1363.099734668691	99.79197023660598
0.001841228998105911	1158.86764080769	90.35216158461566
0.001870864621229812	1057.561480333963	80.09325962932913
0.001897322245734894	961.9532706779999	65.91580212809828
0.001980680403249531	761.8881027620661	48.80058389685776
0.001987393984486241	640.3989403959157	34.63378583570389
0.001994114166194503	691.2621123748037	25.48138327863725
0.002014320896285208	659.7018552323249	19.01049907186998
0.002044729906274358	580.8834707063701	14.36281995105578
0.002075277298755884	507.4395915218005	11.91386537300206
0.002109372470649305	522.5665070508003	10.89950813640464
0.002140196278138842	474.4890101555072	10.26778045926194
0.002171158127503004	389.8602290820623	9.798991017766809
0.002205713444158183	438.4660720620108	9.694397099863458
0.002236951068222704	467.9658835713553	9.805843530139837
0.002268326433652863	430.5097081268594	9.76568541136049
0.002303340892925955	485.1469531920846	9.517289132345335
0.002338519112434361	398.8526101683852	9.25627192988177
0.002373860985274918	421.0980549568784	9.128405281150888
0.002409366409624012	425.3810422788108	9.100812114168985
0.002445035288586006	431.7017547322745	9.020857031946605
0.00248086753004542	384.2024193128107	8.783742710942189
0.002516863046526974	405.4026253421272	8.395925480159706
0.002556649588681037	351.6306172390089	7.965442957168192
0.002596627508452172	326.8062053608573	7.600336506808068
0.0026331449688269	320.7324568762285	7.242925048628499
0.002673505372302595	309.7776949502756	6.776692380081821
0.002714056892646026	232.8316416217556	6.240665400225846
0.002751095585350378	232.0861575823119	5.76831871877576
0.002792029115378196	207.5420385117214	5.43206944017483
0.00283315354808326	212.4295702509174	5.188752373026279
0.002874480747362876	203.432736440831	4.922352769860126
0.002919786093680043	182.0681099282327	4.555025435517954
0.002961518638879835	152.4855099456878	4.111925029900596
0.003003453773999947	122.6765958719217	3.725799693635919
0.003049422147590756	122.209743870163	3.528436863489864
0.003095624420887143	147.1945328360508	3.477075989354773
0.003142060546604009	122.8575169451939	3.439667633328714
0.003188730483431151	118.6953696438497	3.387902834890551
0.003235634195857231	131.024041180226	3.346283720397538
0.003282771654000574	110.7723218091651	3.329008528181665
0.003330142833446783	116.5631575684779	3.367091369117513
0.003377747715091948	126.4186930488426	3.426763943889476
0.003425586284993915	128.2717115434909	3.393650075957709
0.003473658534224892	104.8907757417793	3.228597369885045
0.003526004016228376	103.8891863464368	3.007911657348833
0.00357861671142717	91.46161154159515	2.806383350697012
0.003631510691375364	79.72526310163937	2.635665333129192
0.003684671905056513	81.53633294026704	2.460783967807026
0.003738114437544719	65.99625269527876	2.26001921152247
0.003791824247603595	51.809672086245	2.079274238492863
0.003845815434352049	58.10203892301157	1.976388524042551
0.003904262852394114	53.37886319908937	1.93894101311883
0.003958816913712423	52.71005132558987	1.900190956866573
0.004013652484268956	54.1830934828405	1.813679091535509
0.004073009399733278	40.05569387491111	1.701245886106367
0.004132684769973138	46.12389195908516	1.615830490049334
0.004192678673244985	36.78970411775244	1.577709676029862
0.00425299119401678	41.61776614045567	1.565267068361175
0.004313622422793262	41.60843799649573	1.542148326290087
0.004378942299326215	36.49696122618329	1.498370313061299
0.004444620140599822	35.38892682002772	1.450589005997076
0.00450625367682697	34.7694205103539	1.399887921402994
0.004572647835730493	30.17980662124606	1.337872088084948
0.004639400360558749	29.45656110095008	1.265770854140404
0.004702037327046856	25.79789838963351	1.183016569163347
0.004769507029305707	22.86972268148675	1.100308123745936
0.004841874860470547	20.81992881060303	1.039463979865608
0.004910095017538037	21.40029378442259	0.9979655162340468
0.004978690678112381	18.69453552366924	0.9576876738025933
0.005052260127312812	17.91511692193941	0.9120445809484139
0.005126247968221334	19.50217481004831	0.8635966582525442
0.005200654438419814	12.86345430313099	0.8328875448216089
0.00527547978239985	15.6505043035048	0.8460408302657638
0.005350724251369098	20.64194948057192	0.8912667231432858
0.005426388103064187	13.53035317538345	0.9178743361543339
0.005502471601570039	24.98828309922662	0.8786170553493549
0.005583775080217277	8.506562059694559	0.7929294580603309
0.005665543636002753	10.94623160975936	0.7371631226765787
0.005742940299911238	15.35452376895979	0.729163238489276
0.005825639994186561	10.8395531412359	0.7199034400305799
0.005908805763222273	11.30304427143635	0.690007761377448
0.005992456616803333	10.61752393354069	0.646404872591535
0.006081542135026919	9.934594925243641	0.5904900153650386
0.006166164307296246	5.560929209572553	0.5410872357048603
0.00625127272724365	8.185882242891354	0.522829647678174
0.006341902803947603	7.363631761803162	0.5324239930201926
0.006433068430405097	7.375262605671726	0.5387195771258098
0.006524770078851006	10.18621572173686	0.5104453215748962
0.006617008228583963	3.427914152057479	0.4622238483765733
0.006714958548345665	5.585782404902877	0.4398103079910403
0.006813497251294215	7.381630897301363	0.4408421879707802
0.006907407655047808	5.524772522753166	0.4312358550448037
0.007007124833993223	4.024533426101357	0.4179607395827258
0.007107432120369088	5.887265421460842	0.4151461167180544
0.007208351210535746	6.641128994977942	0.4098589203106264
0.007309861614487238	2.427945705861091	0.413220315650815
0.007411985086115717	6.590175553352888	0.4420800692075176
0.007520129505860146	7.657204451833979	0.4577902299066388
0.007628942956867955	4.493438351338282	0.4269388945864229
0.007738426191354716	3.134402415284987	0.3850273789858968
0.007848579969219041	4.200661080499134	0.3654110106179282
0.007959405057827128	4.426006532491781	0.3426866786579236
0.008070902231808653	2.420395954308591	0.2864656268005107
0.008183072272855706	2.0040559193642	0.2130534544816937
0.008295915969530889	0.4030889963725623	0.1701483682757133
0.008415133651956631	1.152956402464713	0.1851153033501119
0.008535084027232243	3.137787530650339	0.2271009277074887
0.008655791681503539	2.827111259178851	0.2482666531550715
0.008783041687319087	1.706894582354515	0.2559078128801022
0.008905266828335706	1.598126465187485	0.2760706750291185
0.009028252192144735	5.694912674846432	0.2782985010807583
0.009157891477290757	0.8459051742915165	0.2322227928503394
0.009288354251126417	0.847216936620823	0.1767907669224126
0.009419641638869835	1.555494757843173	0.1536968665112123
0.009551754773343727	0.8875172479478005	0.1529530611926573
0.009684694794767352	1.359906407161072	0.1565848300064532
0.009824569477446131	1.334982899356205	0.1721078688590272
0.009965337365121283	0.594309940445379	0.2053596919875428
0.01010702607518659	4.547080135333799	0.2233925352236472
0.01024961061432502	1.070904911750032	0.1915407722057454
0.01039311869289972	0.3776324873006663	0.134542856058933
0.01054383140720135	0.8518164541540407	0.09944268720710024
0.01068919074187055	0.2641582913816771	0.09632600534596265
0.01083547780815165	0.8108348861292254	0.1089858383385205
0.01098909473336686	1.420693305462302	0.1246214235158163
0.01114371044570446	0.2439878655388846	0.1473001138105296
0.01130583950325007	1.971422258228424	0.1755162920017539
0.0114690413134681	2.249837076215704	0.1792219167860755
0.01162674656124185	0.6614424418108255	0.1458988991772291
0.0117920991309997	0.1847204011020925	0.1123485961851451
0.01195852972332911	1.007890395333206	0.111058195291289
0.01212606931853282	0.4040840995043513	0.1293883639381383
0.01230146582549916	2.042080674558213	0.1351120548720566
0.01247122906513828	0.2335621548234091	0.1194560978946702
0.01264210696155377	0.5639703368811029	0.1053708259962073
0.01282098120536334	0.496659746197525	0.1066903000904427
0.01300104928793455	1.133885825817778	0.1036119978023212
0.01318231330554501	0.3126490998490004	0.07906196265590076
0.01337182507704286	0.1039028282971417	0.04955792309254654
0.0135626152014254	0.01533928374461112	0.04084277000342702
0.01375471803940629	0.3530785713132594	0.05387826348124428
0.01394810392473942	0.5515880949446391	0.07022108774128141
0.01414280735147822	0.378710791130843	0.07900927612441394
0.01434609091747118	0.4354622384741264	0.08118753567535573
0.01454343680106007	0.6372873316283749	0.07438941565779242
0.01474210761511846	0.2830907751205133	0.05807709999614932
0.01494951319458359	0.009308381357899419	0.04744585797083633
0.0151658242833083	0.179847681227477	0.0525809537563154
0.01538363646589557	0.8571829304217498	0.05699908741370777
0.01559539004912791	0.03338872423981137	0.04912493695179015
0.01581621328323258	0.03235301368177781	0.0481224080875977
0.01603854649056275	0.3297141611215212	0.0661066125975685
0.01626242786642763	1.013969699087204	0.08098172007315974
0.01648782524219424	0.2392651036873182	0.07261937501299959
0.01671477696826067	0.2339003342015065	0.05223650365264321
0.01695116582855742	0.07833718759420624	0.0443622080991752
0.01729053106850396	0.09664500091382844	0.06126907799049634
0.01871866391636802	0.5682226222935137	0.09277117347723883
0.01873528782002411	0.7958200142591546	0.1185590126396171
0.01875191917410807	0.4628684324268941	0.134158137248641
0.01876855797964401	0.7390658259963028	0.1434479018974268
0.01878520423765638	1.199067318936249	0.133824231279437
0.01881018853218942	0.4488200266961442	0.09662345197168828
0.01896051945565838	0.6196729473600903	0.05218329686639826
0.01922069593873613	0.203144331422861	0.02398754210572613
0.01948268885916014	0.1756308254862038	0.01320470763683802
0.01976356366065549	0.2660421820651206	0.01019081162297526
0.02004646324795429	0.131562669751897	0.009107097598723732
0.0203227579314069	0.1711005538499713	0.008446640796108089
0.02060972072503045	0.1850877759833216	0.008138343990750032
0.02089872195384918	0.1000054926767123	0.008402038201678983
0.0211898079234103	0.2290083498021231	0.008901640186616697
0.0214829415565074	0.2638521983894673	0.008525969438772821
0.0217781693609167	0.08262468031630078	0.007336925119541617
0.0220845060358211	0.07193847579542095	0.007285808840785645
0.02239305358373605	0.1916374694428967	0.009194986049351454
0.0227130020477349	0.4164557328292815	0.01093596648563058
0.02303528197120263	0.2592161160323713	0.01014492002718404
0.02335062406491709	0.113488692379446	0.00727492976815532
0.02367758342836103	0.03065898304318626	0.004848271228647081
0.02401634609472687	0.03776638938180354	0.004482914898017219
0.02434809760094421	0.1597579168282124	0.005431309418340148
0.02468225379389294	0.1650373793203952	0.006017886375537475
0.02502843664303251	0.0921472785176369	0.005776260201876625
0.02537715167144577	0.1079813837003306	0.00540099889307585
0.02573821047312343	0.1211545706986995	0.005470732212475092
0.02610193305847353	0.1025590027110282	0.006260620329306681
0.02646837461567731	0.1665807619282994	0.007671849905454566
0.02683749323310654	0.2896996726128875	0.008615533884087614
0.02720934435305977	0.2193290035909832	0.007917295214433108
0.02759405890887611	0.06903361913095067	0.0060360248324516
0.02798164429349299	0.07022932868558297	0.004403725568163808
0.02837210779261773	0.08084428687304938	0.003710520073078065
0.02876545669789306	0.03518600834657912	0.004066522302861131
0.02916169830667924	0.08620633697055405	0.005231714894491115
0.02957139596514416	0.2952658448423549	0.006054326399844466
0.02998412999513068	0.06886002972054819	0.005616334147681628
0.03039996072161173	0.09700772197280318	0.004532058216816253
0.03082963816213551	0.06541543219614618	0.003832076033674199
0.03126256239792952	0.06198344641730982	0.003792649635337843
0.03169874197611491	0.09665932608573309	0.004275600109926912
0.03213818544911497	0.0961485243692566	0.005077697997610209
0.03259202528849167	0.1694173675773887	0.005836189058092667
0.03304928444177065	0.1538251423707462	0.006081030177365703
0.03351002826426004	0.1477565830614258	0.005554826929633843
0.03397420970744323	0.09263280302270518	0.004513341689280298
0.0344418944364456	0.04771393880584694	0.003638811709550447
0.03492458450068515	0.05971290070344176	0.003457577719726003
0.03541094081333482	0.1002667686607838	0.003824766477468532
0.03591270062164045	0.1108249428306508	0.004180734668761382
0.0364182944813646	0.116137706342132	0.004234656164890781
0.0369277930606619	0.07293131622509114	0.004128787383927339
0.03744114688667308	0.1174697648007899	0.004028102111259077
0.03795842696708959	0.08448015800174241	0.003968497925358324
0.03849176553152889	0.07977826511247196	0.004060688990270967
0.03902920611843089	0.1218182730087743	0.004324044371921206
0.03957076018923919	0.1166016026316197	0.00438771770874256
0.04012890505980094	0.1325458021744408	0.003874153402621462
0.04069134472509131	0.03016458353510601	0.00304376530934475
0.04125815564905212	0.04655677207054315	0.002590165086666514
0.04182928573236633	0.06131563375412721	0.002841507015534786
0.04240481180888195	0.09005981154808279	0.003588366929337203
0.04299763382276178	0.129134136683861	0.004480822564927741
0.04359504155512929	0.1560706951033116	0.005178140726896137
0.04421020347519804	0.147959509271973	0.005268971437872173
0.04483014621151717	0.1448865643161235	0.004516035558159451
0.04545495216353464	0.03235397693639224	0.003444155095862532
0.04609803310523019	0.01646847945129051	0.003058096805299378
0.04673260810372058	0.1250077977834831	0.003561166057187593
0.04737208893690079	0.09736772722536115	0.004201938462253193
0.0480439835854302	0.1161164111983629	0.00438719952479979
0.04872116779515487	0.1083354161625799	0.00409749035212287
0.04938972882176629	0.05371977825148975	0.003583740545081091
0.05007753914730895	0.07964777019998048	0.003135285767675353
0.05078490664643619	0.04734499455608605	0.002895849937181143
0.05149788567761867	0.08042725305295863	0.0028543290125237
0.05221649311654926	0.04861930887697177	0.002945941992943873
0.05294074583944988	0.107690808010146	0.003056109660729445
0.05367066072288055	0.06000854974888358	0.003122368530719248
0.05442104393130343	0.08226349542797083	0.003236986639409412
0.0551773147852091	0.1007317454465163	0.003496815658572125
0.05593956878008829	0.08390679235870886	0.003822702182269108
0.05672288794887759	0.1518356864073467	0.003977826900297529
0.05751242440264266	0.08013438162343131	0.003823257203998412
0.05832358212276806	0.08993269096042028	0.003542962780251539
0.05914119749804875	0.07320085969757278	0.003405977121233795
0.05996537249296497	0.09394233288968816	0.003355950445055518
0.06079604508001232	0.1025350106098296	0.003113878301812813
0.06163331772598193	0.04807056081939479	0.002738226147518781
0.06249313335005324	0.03329025358705919	0.002707296283084141
0.06335979972281186	0.1058284533827815	0.00321470225961031
0.06424960133878535	0.1217382389589572	0.0038212765915288
0.06514651092616805	0.1251073077756011	0.003980934369769677
0.06605063774491247	0.09985286825598662	0.003600631758948784
0.0669785748804569	0.04509633921729297	0.003061906462853293
0.06791399594797717	0.07168271659396373	0.002751210919066575
0.06885692462479773	0.08206014363942152	0.002706169158898905
0.06980738458435247	0.05778423678710864	0.002839108756904045
0.07078259866876295	0.1006317215051018	0.003138913051985623
0.07178295861409295	0.1014616420305233	0.003537205618522572
0.07277399434663591	0.09206034282558968	0.003829752142241915
0.07377297876366701	0.1327549722472944	0.003757224952423382
0.0748153652505973	0.05430892406376492	0.003276093454721875
0.07586622473077217	0.05955414169729214	0.0027208801772477
0.07690762921290335	0.04646874883030247	0.002473370180109762
0.07797551668151921	0.06920776085949483	0.002607860095834968
0.0790703030230178	0.09575884105538061	0.002925378306062489
0.08017401613075407	0.1040851709499542	0.003173185584375787
0.08128668505451787	0.1007343434723011	0.003250466822749436
0.0824083388367144	0.07369279969528286	0.003199512527063654
0.08355795304574766	0.118059825776917	0.00304203820739544
0.08473596615914847	0.06255062673561881	0.002859802266036338
0.08592366763733893	0.06750612208405621	0.002873622001539101
0.08712108949005747	0.1125154211439589	0.003105147628860134
0.08832826371781589	0.110608604035227	0.003254260102268649
0.08954522231175101	0.08345527101471863	0.00315700032832767
0.09079189146550666	0.07245525211988221	0.003001104759289717
0.09206873446531429	0.06922144066327282	0.002961181978036213
0.09335610711349793	0.102472942732825	0.002974972861873812
0.09465404455463361	0.05137890322456428	0.002971740888947477
0.09596258192191508	0.08638011196623595	0.002962175285008042
0.09728175433702108	0.07952004966746434	0.002889795546515666
0.09863248886575593	0.06865164578922664	0.00277774467956653
0.1000152745826013	0.05598521046094684	0.002829078400701875
0.10140948415065	0.1079415895418738	0.003022212366868711
0.1028151560355247	0.09931070090358227	0.003028761157210627
0.1042539192302268	0.05298169654800412	0.002807708195381957
0.1057045153889734	0.05872311405410593	0.002705714837701883
0.1071671032383716	0.1137795914043539	0.002834147588237635
0.1086637327187827	0.08747392676896681	0.002954697338353446
0.11017273675492	0.07133470968430576	0.002938033745000759
0.1117166549920992	0.0910150145754416	0.002869765843058769
0.1132733395051612	0.05675156467168219	0.002836763278721252
0.1148429582716122	0.09209388663890139	0.002824661434287255
0.1164484918195361	0.06692420066861104	0.002788895441920455
0.1180673640448783	0.06773268774146973	0.002766197438834399
0.1196996206469871	0.09291358282877946	0.002803486399701985
0.1213689471824545	0.08084053410834741	0.002847709945884441
0.1230759111384577	0.08561113612235352	0.002830696007716889
0.1247731446997628	0.0739537046615677	0.00277181143270188
0.1265086393789486	0.07806264567739779	0.002754448481329875
0.1282828442797207	0.08612813449651374	0.002808377904834568
0.130047334500842	0.09457800805353761	0.002841230093957978
0.1318511751003289	0.07005920928316316	0.002795616116489068
0.1336949633968764	0.06441464381360489	0.002757796087635247
0.1355541811870152	0.09935904772165929	0.002769596398131255
0.1374288822285478	0.06742594739140216	0.002768250751188406
0.1393448062475728	0.06880500152087585	0.002750661784851232
0.1413025776277709	0.09425376994104821	0.002740769294778657
0.1432768527511019	0.06519917437190086	0.002719546599422652
0.145267689745658	0.07496257228944386	0.002711116347667142
0.1472751467121618	0.09303518821812091	0.002744956931809196
0.1493260636932777	0.0947378313032816	0.002777905865853931
0.1513940864969755	0.09113705355576644	0.002775887940064499
0.1534794244688358	0.08851613421354383	0.002759451843269734
0.1556369086147516	0.1068710538868163	0.002748222343842903
0.1578125920046967	0.09021738616630808	0.002745393443434009
0.1600066942113892	0.1249301661099985	0.002749901781196059
0.1622472883845543	0.09823617468550658	0.002755131022860697
0.1645068254570634	0.1291956316964804	0.00276097551914505
0.166785372896831	0.1128772689641043	0.002775038066995494
0.1690829981375526	0.1439465273020446	0.002792463968973489
0.1714288901766956	0.1285798887297979	0.002804230588041533
0.1738237662560283	0.1451638553659494	0.002826164022953511
0.1762389009282396	0.1633287777904834	0.002886403810285685
0.1787042352236944	0.1991275864695796	0.002985788911399172
0.1811903906412712	0.2046866168149947	0.003084827601575751
0.1836976104680228	0.2178062685076853	0.003121041909381154
0.1862564326613455	0.1663146666119452	0.003057010711626226
0.1888368981863405	0.1271672537144092	0.002921905272706899
0.1914702380618619	0.108863519211323	0.002782935521876498
0.1941258121320716	0.08301423777206766	0.002682788454124073
0.1968038761996209	0.09139269001386567	0.002616637622367191
0.1995682367589875	0.08372390676534169	0.00256296411183314
0.2023561458424056	0.0717321531469102	0.002526248877213403
0.2051678710047324	0.08922435230594976	0.002521745829512718
0.2080360925324754	0.08811843291942996	0.00252937525942535
0.2109287647871046	0.08084271948761	0.00251655355737883
0.2138459767028223	0.06135915693689222	0.002492486456048998
0.2168214363829202	0.08461121135263976	0.002486130996574762
0.2198220847288559	0.07870127107803569	0.002495296958474266
0.2228823973875029	0.08303555515600584	0.002501030442137103
0.226003046979371	0.06991274164526004	0.002499543061345802
0.2291157362833293	0.07503271558347616	0.002491124223655094
0.2322897338160013	0.07939652480228318	0.00246897256329639
0.2355259249250106	0.07416878756466402	0.00243831418220554
0.2388254094780706	0.06746398474737873	0.002418257474461058
0.2421531149714303	0.08543224383181471	0.002410019803885584
0.2455093491646484	0.06807232309406533	0.002398189262787918
0.2489306137195623	0.06175965929017966	0.002384600455405985
0.2523811338800954	0.07252662226675001	0.002378584056632656
0.2558982482917352	0.07359722775703519	0.002374007964713684
0.2594453592859459	0.05984490204492537	0.002368745333902328
0.2630227893908162	0.07424934259017477	0.002371955229152747
0.2667068232610443	0.08664847558122207	0.002382655789884869
0.2704224801502359	0.0732046845919334	0.002394470077690853
0.2741700963790235	0.08254189260605387	0.002405810615211956
0.2779887566331194	0.08636010153146916	0.002405955101930788
0.2818401684056244	0.07187364730074872	0.002386534381386798
0.2857643150640934	0.0531573026078919	0.002364215671593493
0.2897622268825574	0.07125524563402132	0.00231691116772106
0.293794623100474	0.04939139790619618	0.002053722169001368
0.2978207331492981	0.05492472773329143	0.001279392208606222
